pixel_id module_id pixel_number_in_module cumulative_anode_current average_anode_current
1853 0 0 8.812238e+00 5.354570e-06
1838 0 1 1.004243e+01 6.285552e-06
1794 0 2 1.715137e+01 9.808967e-06
1839 0 3 1.653265e+01 9.748577e-06
1854 0 4 1.482652e+01 9.174861e-06
1795 0 5 1.746865e+01 9.973388e-06
1840 0 6 1.080065e+01 6.287518e-06
1836 1 0 1.765676e+01 1.262464e-05
1791 1 1 1.866366e+01 1.139825e-05
1718 1 2 1.811419e+01 1.047288e-05
1792 1 3 1.988520e+01 1.343634e-05
1837 1 4 1.035968e+01 7.548272e-06
1719 1 5 1.634708e+01 9.453720e-06
1793 1 6 1.800141e+01 1.124522e-05
1789 2 0 1.115814e+01 7.638997e-06
1715 2 1 9.730314e+00 5.809774e-06
1619 2 2 1.869284e+01 1.100356e-05
1716 2 3 1.023749e+01 6.124704e-06
1790 2 4 1.713706e+01 1.198592e-05
1620 2 5 1.849394e+01 1.092832e-05
1717 2 6 1.787489e+01 1.036832e-05
1713 3 0 1.927700e+01 1.234079e-05
1616 3 1 9.621880e+00 5.664210e-06
1502 3 2 1.831160e+01 1.101029e-05
1617 3 3 1.935010e+01 1.158488e-05
1714 3 4 1.618909e+01 1.116790e-05
1503 3 5 1.081559e+01 6.105431e-06
1618 3 6 1.047213e+01 6.117860e-06
1614 4 0 1.082984e+01 6.425919e-06
1499 4 1 9.964182e+00 6.008203e-06
1368 4 2 1.000373e+01 5.916936e-06
1500 4 3 9.719344e+00 5.677774e-06
1615 4 4 1.016971e+01 5.943474e-06
1369 4 5 9.973073e+00 5.905438e-06
1501 4 6 1.768234e+01 1.073058e-05
1497 5 0 1.670383e+01 1.029471e-05
1496 5 1 1.629638e+01 9.654312e-06
1365 5 2 1.032710e+01 5.825705e-06
1366 5 3 1.070339e+01 6.200891e-06
1498 5 4 1.054503e+01 6.549183e-06
1241 5 5 1.646294e+01 9.638549e-06
1367 5 6 1.029640e+01 6.195480e-06
1712 6 0 1.838979e+01 1.098657e-05
1711 6 1 1.979512e+01 1.155418e-05
1611 6 2 1.944471e+01 1.096595e-05
1612 6 3 1.690966e+01 9.546601e-06
1613 6 4 1.908209e+01 1.126608e-05
1494 6 5 1.790601e+01 1.009152e-05
1495 6 6 1.873140e+01 1.061801e-05
1835 7 0 8.456098e+00 9.368774e-06
1834 7 1 4.846246e+00 5.153107e-06
1786 7 2 5.361007e+00 5.471827e-06
1787 7 3 5.518324e+00 5.603385e-06
1788 7 4 5.752229e+00 6.350753e-06
1709 7 5 5.299349e+00 5.256506e-06
1710 7 6 5.665429e+00 5.655394e-06
1841 8 0 8.419339e+00 4.846883e-06
1798 8 1 9.150359e+00 5.225909e-06
1725 8 2 1.798264e+01 1.066114e-05
1799 8 3 1.006586e+01 5.852692e-06
1842 8 4 1.317823e+01 7.863530e-06
1726 8 5 1.773464e+01 1.045360e-05
1800 8 6 1.544275e+01 9.119557e-06
1796 9 0 1.910082e+01 1.078545e-05
1722 9 1 1.751123e+01 1.042907e-05
1626 9 2 1.725747e+01 1.008549e-05
1723 9 3 1.846412e+01 1.088965e-05
1797 9 4 1.783190e+01 1.019686e-05
1627 9 5 1.651216e+01 9.741214e-06
1724 9 6 1.717741e+01 1.023686e-05
1720 10 0 1.932325e+01 1.141966e-05
1623 10 1 2.079578e+01 1.254033e-05
1509 10 2 1.859101e+01 1.214168e-05
1624 10 3 9.430301e+00 5.719969e-06
1721 10 4 1.092189e+01 6.311240e-06
1510 10 5 1.036954e+01 6.856208e-06
1625 10 6 1.118542e+01 6.510574e-06
1621 11 0 1.119384e+01 6.468814e-06
1506 11 1 1.833659e+01 1.131473e-05
1375 11 2 1.051328e+01 7.243692e-06
1507 11 3 1.073294e+01 6.601621e-06
1622 11 4 1.028772e+01 5.940896e-06
1376 11 5 1.003767e+01 7.541137e-06
1508 11 6 1.006129e+01 6.243779e-06
1504 12 0 1.917549e+01 1.126779e-05
1372 12 1 1.749857e+01 1.003378e-05
1247 12 2 1.632660e+01 9.480968e-06
1373 12 3 1.823882e+01 1.119283e-05
1505 12 4 1.877792e+01 1.155917e-05
1248 12 5 2.018220e+01 1.278625e-05
1374 12 6 1.646303e+01 1.183331e-05
1370 13 0 1.059882e+01 6.156395e-06
1244 13 1 1.024842e+01 5.827998e-06
1125 13 2 1.045722e+01 6.053753e-06
1245 13 3 1.034033e+01 5.825008e-06
1371 13 4 1.086727e+01 6.174489e-06
1126 13 5 1.928554e+01 1.127303e-05
1246 13 6 2.025464e+01 1.189032e-05
1242 14 0 1.057513e+01 6.106459e-06
1122 14 1 1.980377e+01 1.256161e-05
1009 14 2 1.847919e+01 1.203271e-05
1123 14 3 1.737939e+01 1.061381e-05
1243 14 4 1.832230e+01 1.074392e-05
1010 14 5 1.940179e+01 1.218760e-05
1124 14 6 1.649813e+01 9.907597e-06
1364 15 0 1.781805e+01 1.028707e-05
1363 15 1 1.660649e+01 9.701969e-06
1238 15 2 1.839192e+01 1.107319e-05
1239 15 3 1.724444e+01 1.025010e-05
1240 15 4 1.050178e+01 6.182880e-06
1120 15 5 1.767923e+01 1.080486e-05
1121 15 6 1.521908e+01 9.456275e-06
1610 16 0 1.065925e+01 5.968262e-06
1609 16 1 1.740052e+01 1.031776e-05
1491 16 2 1.127686e+01 6.976525e-06
1492 16 3 1.097027e+01 6.526200e-06
1493 16 4 1.012673e+01 5.669621e-06
1361 16 5 1.030052e+01 6.420980e-06
1362 16 6 1.737995e+01 1.043081e-05
1785 17 0 1.687830e+01 9.734223e-06
1784 17 1 1.840579e+01 1.094341e-05
1706 17 2 1.714905e+01 9.970565e-06
1707 17 3 1.730657e+01 9.911076e-06
1708 17 4 2.014453e+01 1.138131e-05
1607 17 5 1.691446e+01 1.061161e-05
1608 17 6 9.139370e+00 5.506626e-06
1852 18 0 1.622731e+01 1.059037e-05
1851 18 1 1.422727e+01 8.961957e-06
1831 18 2 1.684493e+01 1.071434e-05
1832 18 3 9.879040e+00 6.275266e-06
1833 18 4 9.524893e+00 5.986506e-06
1782 18 5 9.909339e+00 6.819591e-06
1783 18 6 1.679946e+01 1.090467e-05
1727 19 0 1.587024e+01 9.190119e-06
1630 19 1 1.854874e+01 1.138862e-05
1516 19 2 1.805863e+01 1.111451e-05
1631 19 3 1.049432e+01 6.081976e-06
1728 19 4 1.682876e+01 9.919366e-06
1517 19 5 1.873838e+01 1.090842e-05
1632 19 6 1.700899e+01 9.994556e-06
1628 20 0 1.798631e+01 1.102040e-05
1513 20 1 1.054838e+01 6.300737e-06
1382 20 2 1.054067e+01 6.329686e-06
1514 20 3 1.688672e+01 1.033255e-05
1629 20 4 1.038730e+01 6.368479e-06
1383 20 5 1.046332e+01 6.761659e-06
1515 20 6 1.822875e+01 1.204041e-05
1511 21 0 1.844937e+01 1.117696e-05
1379 21 1 1.853971e+01 1.282482e-05
1254 21 2 9.852954e+00 6.554925e-06
1380 21 3 1.673088e+01 1.053716e-05
1512 21 4 1.722837e+01 1.029194e-05
1255 21 5 1.617808e+01 1.130912e-05
1381 21 6 1.849857e+01 1.197448e-05
1377 22 0 1.059982e+01 7.063848e-06
1251 22 1 1.862214e+01 1.204807e-05
1132 22 2 1.720837e+01 1.002562e-05
1252 22 3 1.784781e+01 1.146778e-05
1378 22 4 1.048964e+01 8.288626e-06
1133 22 5 1.954335e+01 1.152137e-05
1253 22 6 1.693449e+01 1.189994e-05
1249 23 0 1.116515e+01 7.867250e-06
1129 23 1 1.136637e+01 6.491780e-06
1016 23 2 9.808738e+00 5.569279e-06
1130 23 3 1.907128e+01 1.094006e-05
1250 23 4 1.051099e+01 6.576575e-06
1017 23 5 1.094391e+01 6.247037e-06
1131 23 6 1.771018e+01 1.013221e-05
1127 24 0 1.065774e+01 6.304902e-06
1013 24 1 1.875788e+01 1.085035e-05
906 24 2 1.063353e+01 6.070046e-06
1014 24 3 1.810832e+01 1.039818e-05
1128 24 4 1.040776e+01 5.930004e-06
907 24 5 1.070736e+01 6.137521e-06
1015 24 6 9.707837e+00 5.477255e-06
1011 25 0 1.785207e+01 1.066955e-05
903 25 1 1.582526e+01 9.451912e-06
802 25 2 9.919582e+00 6.352250e-06
904 25 3 8.952752e+00 5.245219e-06
1012 25 4 1.763018e+01 1.015751e-05
803 25 5 1.802205e+01 1.088875e-05
905 25 6 1.782808e+01 1.021073e-05
1008 26 0 2.003810e+01 1.264505e-05
1007 26 1 1.882566e+01 1.144248e-05
900 26 2 1.849728e+01 1.122644e-05
901 26 3 1.084706e+01 6.512007e-06
902 26 4 1.991591e+01 1.279518e-05
800 26 5 9.865440e+00 5.899163e-06
801 26 6 1.711330e+01 1.051360e-05
1237 27 0 1.088811e+01 7.147733e-06
1236 27 1 1.793495e+01 1.364641e-05
1117 27 2 9.956149e+00 7.100643e-06
1118 27 3 1.797982e+01 1.326758e-05
1119 27 4 1.003875e+01 6.288224e-06
1005 27 5 1.775178e+01 1.070995e-05
1006 27 6 1.017184e+01 5.990009e-06
1490 28 0 1.026440e+01 6.054560e-06
1489 28 1 1.973780e+01 1.199090e-05
1358 28 2 1.037613e+01 5.965747e-06
1359 28 3 1.898904e+01 1.102912e-05
1360 28 4 1.705512e+01 1.040313e-05
1234 28 5 1.865878e+01 1.066277e-05
1235 28 6 1.054292e+01 6.446993e-06
1705 29 0 1.777258e+01 1.078941e-05
1704 29 1 1.867445e+01 1.165374e-05
1604 29 2 1.736635e+01 1.047239e-05
1605 29 3 1.929340e+01 1.148499e-05
1606 29 4 1.037200e+01 6.213738e-06
1487 29 5 1.012041e+01 6.012178e-06
1488 29 6 1.759299e+01 1.024662e-05
1830 30 0 1.630711e+01 1.029627e-05
1829 30 1 1.646400e+01 1.000245e-05
1779 30 2 1.732586e+01 1.020230e-05
1780 30 3 1.744895e+01 1.066566e-05
1781 30 4 1.668212e+01 1.098733e-05
1702 30 5 1.664634e+01 9.932753e-06
1703 30 6 1.710026e+01 1.067112e-05
1518 31 0 1.914280e+01 1.108601e-05
1386 31 1 1.791391e+01 1.030303e-05
1141 31 2 9.885833e+00 5.702910e-06
1261 31 3 1.970547e+01 1.129488e-05
1387 31 4 1.057317e+01 6.156432e-06
1262 31 5 9.875158e+00 5.661739e-06
1388 31 6 1.766540e+01 1.027504e-05
1384 32 0 1.840988e+01 1.238040e-05
1258 32 1 1.814157e+01 1.119808e-05
1139 32 2 1.616401e+01 9.982679e-06
1259 32 3 1.025194e+01 6.301610e-06
1385 32 4 1.001848e+01 6.043213e-06
1140 32 5 1.697075e+01 1.018080e-05
1260 32 6 1.905549e+01 1.127655e-05
1256 33 0 1.963994e+01 1.205483e-05
1136 33 1 1.117925e+01 6.896832e-06
1023 33 2 1.751893e+01 9.312630e-06
1137 33 3 1.886785e+01 1.153919e-05
1257 33 4 2.070923e+01 1.214255e-05
1024 33 5 1.870443e+01 1.126952e-05
1138 33 6 1.019678e+01 6.317562e-06
1134 34 0 1.923308e+01 1.143519e-05
1020 34 1 1.759603e+01 1.041058e-05
913 34 2 1.047256e+01 6.397201e-06
1021 34 3 1.697611e+01 9.784712e-06
1135 34 4 1.781957e+01 1.145988e-05
914 34 5 1.035174e+01 6.368546e-06
1022 34 6 1.825342e+01 1.060970e-05
1018 35 0 1.964098e+01 1.186838e-05
910 35 1 1.715820e+01 1.019121e-05
809 35 2 1.913146e+01 1.099678e-05
911 35 3 5.577108e+00 3.217005e-06
1019 35 4 1.743414e+01 1.087660e-05
810 35 5 1.076110e+01 6.356770e-06
912 35 6 1.047834e+01 6.395279e-06
908 36 0 1.984738e+01 1.191761e-05
806 36 1 9.888684e+00 6.099776e-06
711 36 2 1.204981e+01 6.658649e-06
807 36 3 1.741400e+01 1.032222e-05
909 36 4 1.031728e+01 6.073910e-06
712 36 5 1.208843e+01 6.968091e-06
808 36 6 1.011550e+01 5.860581e-06
804 37 0 1.033480e+01 6.174543e-06
708 37 1 1.017224e+01 7.019758e-06
619 37 2 1.095002e+01 9.250703e-06
709 37 3 2.057181e+01 1.377747e-05
805 37 4 1.730450e+01 1.057149e-05
620 37 5 2.001608e+01 1.237349e-05
710 37 6 1.875201e+01 1.125438e-05
706 38 0 1.041660e+01 6.616172e-06
705 38 1 9.806586e+00 6.020495e-06
616 38 2 1.042133e+01 7.333255e-06
617 38 3 9.507587e+00 6.066654e-06
707 38 4 9.684026e+00 6.246247e-06
534 38 5 1.869507e+01 1.209502e-05
618 38 6 1.722978e+01 1.238963e-05
899 39 0 9.861580e+00 6.035629e-06
898 39 1 1.729277e+01 1.048041e-05
797 39 2 9.505667e+00 5.662024e-06
798 39 3 1.993953e+01 1.307487e-05
799 39 4 1.824432e+01 1.157411e-05
703 39 5 1.650293e+01 9.596786e-06
704 39 6 1.798501e+01 1.101382e-05
1116 40 0 1.712746e+01 9.862928e-06
1115 40 1 9.414816e+00 5.276351e-06
1002 40 2 1.021843e+01 5.759737e-06
1003 40 3 1.987941e+01 1.157285e-05
1004 40 4 1.947255e+01 1.146456e-05
896 40 5 1.039311e+01 6.240313e-06
897 40 6 1.991949e+01 1.234136e-05
1357 41 0 1.061630e+01 6.440427e-06
1356 41 1 1.034252e+01 6.254353e-06
1231 41 2 1.691032e+01 1.118230e-05
1232 41 3 1.096765e+01 6.803961e-06
1233 41 4 1.974655e+01 1.152979e-05
1113 41 5 9.755884e+00 6.463858e-06
1114 41 6 1.755050e+01 1.013498e-05
1603 42 0 1.937598e+01 1.156344e-05
1602 42 1 1.028275e+01 6.434956e-06
1484 42 2 1.032867e+01 6.486995e-06
1485 42 3 1.864757e+01 1.142648e-05
1486 42 4 1.954663e+01 1.209573e-05
1354 42 5 1.747743e+01 1.075679e-05
1355 42 6 1.755612e+01 1.087238e-05
1778 43 0 9.370636e+00 5.447978e-06
1777 43 1 1.045450e+01 6.067806e-06
1699 43 2 1.710097e+01 9.970525e-06
1700 43 3 1.050807e+01 6.048848e-06
1701 43 4 1.034556e+01 6.047154e-06
1600 43 5 1.076428e+01 6.389031e-06
1601 43 6 1.078928e+01 6.506988e-06
1389 44 0 9.778932e+00 5.672393e-06
1263 44 1 1.066230e+01 6.214300e-06
1264 44 2 1.006313e+01 5.987765e-06
1390 44 3 9.858750e+00 5.666721e-06
1519 44 4 9.765561e+00 5.743246e-06
1391 44 5 9.794581e+00 5.726334e-06
1520 44 6 1.006245e+01 5.707537e-06
1027 45 0 9.414548e+00 5.418673e-06
919 45 1 1.975657e+01 1.178659e-05
920 45 2 1.815898e+01 1.102429e-05
1028 45 3 1.706867e+01 1.006443e-05
1142 45 4 1.658434e+01 9.778966e-06
1029 45 5 9.790571e+00 6.082090e-06
1143 45 6 1.894556e+01 1.122692e-05
1025 46 0 1.997240e+01 1.267045e-05
917 46 1 1.687285e+01 1.004559e-05
816 46 2 1.951376e+01 1.207024e-05
918 46 3 1.768781e+01 1.064297e-05
1026 46 4 9.883601e+00 5.936778e-06
721 46 5 1.864964e+01 1.146366e-05
817 46 6 1.916017e+01 1.153209e-05
915 47 0 1.764991e+01 1.090392e-05
813 47 1 1.791775e+01 1.268431e-05
718 47 2 1.808929e+01 1.241144e-05
814 47 3 1.842959e+01 1.185666e-05
916 47 4 1.984241e+01 1.169836e-05
719 47 5 1.866472e+01 1.196741e-05
815 47 6 1.022483e+01 6.155384e-06
811 48 0 1.613181e+01 1.066334e-05
715 48 1 1.735627e+01 1.055727e-05
626 48 2 1.702811e+01 1.016304e-05
716 48 3 1.889305e+01 1.262110e-05
812 48 4 1.704970e+01 1.151733e-05
627 48 5 1.917594e+01 1.294156e-05
717 48 6 1.737860e+01 1.190557e-05
713 49 0 1.257692e+01 7.319410e-06
623 49 1 1.145902e+01 6.790256e-06
540 49 2 9.737821e+00 6.176669e-06
624 49 3 1.009741e+01 6.039145e-06
714 49 4 1.862424e+01 1.114738e-05
541 49 5 1.062881e+01 6.621138e-06
625 49 6 1.885240e+01 1.125816e-05
621 50 0 1.067625e+01 5.942460e-06
537 50 1 1.087416e+01 6.497522e-06
460 50 2 1.678608e+01 1.023230e-05
538 50 3 1.197876e+01 6.879559e-06
622 50 4 1.029175e+01 5.620930e-06
461 50 5 1.030609e+01 6.284430e-06
539 50 6 1.049886e+01 6.359174e-06
535 51 0 1.037237e+01 8.883613e-06
457 51 1 1.103120e+01 7.729204e-06
386 51 2 1.025234e+01 6.378792e-06
458 51 3 9.460549e+00 6.000974e-06
536 51 4 1.641712e+01 1.127875e-05
387 51 5 1.851565e+01 1.121294e-05
459 51 6 1.749274e+01 1.082345e-05
615 52 0 1.817030e+01 1.149295e-05
614 52 1 1.010636e+01 5.788797e-06
531 52 2 1.010209e+01 5.803218e-06
532 52 3 1.810940e+01 1.100732e-05
533 52 4 1.057916e+01 7.299692e-06
455 52 5 9.866971e+00 5.831521e-06
456 52 6 1.817885e+01 1.197957e-05
796 53 0 1.827122e+01 1.127808e-05
795 53 1 1.922739e+01 1.142366e-05
700 53 2 2.099311e+01 1.204722e-05
701 53 3 1.936704e+01 1.091479e-05
702 53 4 1.114104e+01 6.335971e-06
612 53 5 1.237823e+01 6.572018e-06
613 53 6 2.045885e+01 1.214980e-05
1001 54 0 1.972496e+01 1.135602e-05
1000 54 1 9.698134e+00 6.143879e-06
893 54 2 8.999615e+00 5.324154e-06
894 54 3 1.760902e+01 1.086765e-05
895 54 4 2.002080e+01 1.272769e-05
793 54 5 9.856889e+00 6.255521e-06
794 54 6 5.259861e+00 2.978443e-06
1230 55 0 1.039786e+01 6.688997e-06
1229 55 1 1.973247e+01 1.272307e-05
1110 55 2 1.081339e+01 6.798818e-06
1111 55 3 1.095400e+01 7.165690e-06
1112 55 4 1.004158e+01 6.192389e-06
998 55 5 1.839661e+01 1.092153e-05
999 55 6 1.056220e+01 6.260450e-06
1483 56 0 1.778886e+01 1.100215e-05
1482 56 1 1.830335e+01 1.123712e-05
1351 56 2 1.836604e+01 1.103177e-05
1352 56 3 1.830949e+01 1.101839e-05
1353 56 4 1.908820e+01 1.149539e-05
1227 56 5 1.877061e+01 1.106770e-05
1228 56 6 1.807205e+01 1.078807e-05
1698 57 0 1.050917e+01 6.119276e-06
1697 57 1 2.094508e+01 1.226642e-05
1597 57 2 1.888911e+01 1.088931e-05
1598 57 3 1.991297e+01 1.171356e-05
1599 57 4 1.781626e+01 1.070967e-05
1480 57 5 1.044963e+01 6.113062e-06
1481 57 6 1.767134e+01 1.047137e-05
1521 58 0 5.590495e+00 3.133957e-06
1392 58 1 1.029189e+01 6.100030e-06
1393 58 2 9.533337e+00 5.729559e-06
1522 58 3 1.721628e+01 1.056556e-05
1633 58 4 1.727050e+01 1.077840e-05
1523 58 5 1.013857e+01 5.988164e-06
1634 58 6 1.050224e+01 6.349424e-06
1144 59 0 1.813252e+01 1.117109e-05
1030 59 1 1.925405e+01 1.233350e-05
1031 59 2 1.812015e+01 1.147786e-05
1145 59 3 1.721337e+01 1.054870e-05
1265 59 4 1.748888e+01 1.047477e-05
1146 59 5 1.665368e+01 1.077072e-05
1266 59 6 1.845327e+01 1.127523e-05
818 60 0 1.945326e+01 1.225931e-05
722 60 1 1.949472e+01 1.246633e-05
723 60 2 1.752469e+01 1.180546e-05
819 60 3 1.941879e+01 1.251023e-05
921 60 4 2.038016e+01 1.351118e-05
820 60 5 1.925194e+01 1.222827e-05
922 60 6 1.960279e+01 1.238342e-05
720 61 0 1.059593e+01 6.645433e-06
630 61 1 1.131598e+01 6.955240e-06
469 61 2 1.111776e+01 7.933399e-06
547 61 3 1.924817e+01 1.222195e-05
631 61 4 9.902426e+00 6.095517e-06
548 61 5 1.704274e+01 1.151791e-05
632 61 6 9.790201e+00 6.484909e-06
628 62 0 1.187028e+01 7.502186e-06
544 62 1 1.081415e+01 6.361361e-06
467 62 2 1.862038e+01 1.132332e-05
545 62 3 1.119720e+01 6.650043e-06
629 62 4 2.184338e+01 1.385181e-05
468 62 5 1.204012e+01 7.296742e-06
546 62 6 1.296396e+01 7.939952e-06
542 63 0 1.898244e+01 1.125509e-05
464 63 1 1.057655e+01 6.258448e-06
393 63 2 1.944684e+01 1.135375e-05
465 63 3 1.684371e+01 9.567297e-06
543 63 4 1.749130e+01 1.031633e-05
394 63 5 1.073850e+01 6.025869e-06
466 63 6 2.025729e+01 1.192410e-05
462 64 0 1.062660e+01 6.703301e-06
390 64 1 1.693757e+01 1.109146e-05
325 64 2 9.201997e+00 6.305053e-06
391 64 3 9.910467e+00 6.748024e-06
463 64 4 1.020623e+01 6.298627e-06
326 64 5 1.028329e+01 6.736242e-06
392 64 6 9.537280e+00 6.136988e-06
388 65 0 9.969326e+00 6.352327e-06
322 65 1 1.156592e+01 7.171744e-06
263 65 2 1.060542e+01 6.325417e-06
323 65 3 9.661579e+00 6.613417e-06
389 65 4 1.130273e+01 7.525059e-06
264 65 5 1.084467e+01 6.445125e-06
324 65 6 1.838923e+01 1.201570e-05
385 66 0 1.032779e+01 6.042389e-06
384 66 1 1.127945e+01 6.634082e-06
319 66 2 1.094211e+01 6.305263e-06
320 66 3 1.966608e+01 1.169517e-05
321 66 4 1.034550e+01 6.269557e-06
261 66 5 1.122056e+01 6.453067e-06
262 66 6 9.725948e+00 5.645741e-06
530 67 0 1.844749e+01 1.063316e-05
529 67 1 1.947950e+01 1.087437e-05
452 67 2 1.931982e+01 1.158121e-05
453 67 3 2.038531e+01 1.224615e-05
454 67 4 1.743517e+01 1.037009e-05
382 67 5 1.902843e+01 1.202378e-05
383 67 6 1.712991e+01 1.037070e-05
699 68 0 1.799313e+01 1.011909e-05
698 68 1 1.799022e+01 1.023535e-05
609 68 2 1.744290e+01 1.065033e-05
610 68 3 1.923950e+01 1.129764e-05
611 68 4 1.933099e+01 1.118228e-05
527 68 5 1.801837e+01 1.078318e-05
528 68 6 1.897592e+01 1.068077e-05
892 69 0 1.949261e+01 1.153126e-05
891 69 1 1.960293e+01 1.161185e-05
790 69 2 1.738373e+01 1.005770e-05
791 69 3 1.724304e+01 1.009820e-05
792 69 4 1.893470e+01 1.109775e-05
696 69 5 1.777902e+01 1.073831e-05
697 69 6 1.775009e+01 1.030154e-05
1109 70 0 1.790277e+01 1.165428e-05
1108 70 1 1.891309e+01 1.127296e-05
995 70 2 4.976442e+00 2.791256e-06
996 70 3 1.043491e+01 6.128457e-06
997 70 4 1.808546e+01 1.089898e-05
889 70 5 1.669771e+01 9.532957e-06
890 70 6 1.767718e+01 1.023509e-05
1350 71 0 9.994698e+00 5.948436e-06
1349 71 1 1.813020e+01 1.077385e-05
1224 71 2 1.806312e+01 1.080111e-05
1225 71 3 1.670728e+01 9.866909e-06
1226 71 4 1.121485e+01 6.391529e-06
1106 71 5 1.899703e+01 1.123391e-05
1107 71 6 1.802197e+01 1.056472e-05
1596 72 0 1.785323e+01 1.027098e-05
1595 72 1 1.804735e+01 1.063304e-05
1477 72 2 1.066616e+01 6.163249e-06
1478 72 3 1.826113e+01 1.050559e-05
1479 72 4 1.792617e+01 1.030742e-05
1347 72 5 1.032005e+01 5.734106e-06
1348 72 6 1.796304e+01 1.056906e-05
1635 73 0 1.028102e+01 6.164706e-06
1524 73 1 1.010092e+01 5.900442e-06
1525 73 2 1.868560e+01 1.097725e-05
1636 73 3 5.258541e+00 3.076506e-06
1729 73 4 1.131152e+01 6.546411e-06
1637 73 5 1.034065e+01 6.062787e-06
1730 73 6 1.798343e+01 1.044458e-05
1267 74 0 1.117483e+01 6.974804e-06
1147 74 1 1.848834e+01 1.209760e-05
1148 74 2 1.954888e+01 1.231763e-05
1268 74 3 1.818221e+01 1.119971e-05
1394 74 4 1.785772e+01 1.095934e-05
1269 74 5 1.057031e+01 6.453663e-06
1395 74 6 9.248102e+00 5.540310e-06
923 75 0 1.853535e+01 1.177501e-05
821 75 1 1.979241e+01 1.268406e-05
822 75 2 1.035335e+01 6.571238e-06
924 75 3 4.995918e+00 3.056224e-06
1032 75 4 1.123084e+01 7.504446e-06
925 75 5 1.056287e+01 6.681785e-06
1033 75 6 1.142477e+01 7.231236e-06
633 76 0 1.075497e+01 7.538569e-06
549 76 1 1.008312e+01 7.231688e-06
550 76 2 9.170426e+00 5.696370e-06
634 76 3 1.893822e+01 1.212249e-05
724 76 4 9.969680e+00 6.340089e-06
635 76 5 1.032601e+01 6.229873e-06
725 76 6 1.661242e+01 1.012927e-05
397 77 0 1.094539e+01 6.983690e-06
331 77 1 1.060945e+01 6.491462e-06
332 77 2 1.124280e+01 6.692583e-06
398 77 3 1.910544e+01 1.212449e-05
470 77 4 1.019805e+01 7.350793e-06
399 77 5 9.443764e+00 5.801728e-06
471 77 6 1.984302e+01 1.269860e-05
395 78 0 1.018645e+01 5.912369e-06
329 78 1 1.936176e+01 1.143435e-05
270 78 2 1.048324e+01 6.457306e-06
330 78 3 1.809589e+01 1.072955e-05
396 78 4 1.043713e+01 6.195885e-06
217 78 5 1.861326e+01 1.137887e-05
271 78 6 1.035069e+01 5.981916e-06
327 79 0 1.885397e+01 1.155032e-05
267 79 1 1.060775e+01 6.553265e-06
214 79 2 1.011562e+01 6.256127e-06
268 79 3 1.754835e+01 1.095843e-05
328 79 4 9.928707e+00 5.804811e-06
215 79 5 1.812131e+01 1.153785e-05
269 79 6 1.809868e+01 1.087207e-05
265 80 0 1.043645e+01 6.358943e-06
211 80 1 1.011846e+01 6.012268e-06
164 80 2 1.740411e+01 1.058858e-05
212 80 3 1.789962e+01 1.095677e-05
266 80 4 1.019384e+01 6.197693e-06
165 80 5 1.165794e+01 7.234132e-06
213 80 6 1.023818e+01 6.277205e-06
209 81 0 1.687358e+01 9.995322e-06
208 81 1 1.852832e+01 1.075892e-05
161 81 2 1.854958e+01 1.089045e-05
162 81 3 1.671081e+01 9.625842e-06
210 81 4 1.879602e+01 1.126652e-05
121 81 5 1.120286e+01 6.580376e-06
163 81 6 1.893436e+01 1.119432e-05
318 82 0 1.749373e+01 1.015289e-05
317 82 1 1.854041e+01 1.076859e-05
258 82 2 1.000635e+01 5.827586e-06
259 82 3 1.651810e+01 9.682100e-06
260 82 4 1.934741e+01 1.147532e-05
206 82 5 1.829393e+01 1.053947e-05
207 82 6 1.035635e+01 6.015680e-06
451 83 0 1.823501e+01 1.112928e-05
450 83 1 1.779173e+01 1.129869e-05
379 83 2 1.729658e+01 1.079115e-05
380 83 3 1.833645e+01 1.176859e-05
381 83 4 1.976593e+01 1.285454e-05
315 83 5 9.679899e+00 5.949079e-06
316 83 6 1.834650e+01 1.077838e-05
608 84 0 1.003353e+01 6.313092e-06
607 84 1 1.044120e+01 6.676786e-06
524 84 2 1.118779e+01 7.109589e-06
525 84 3 1.008315e+01 6.050998e-06
526 84 4 1.934681e+01 1.142568e-05
448 84 5 1.041159e+01 6.068637e-06
449 84 6 1.837784e+01 1.085359e-05
789 85 0 1.032625e+01 6.028815e-06
788 85 1 1.718540e+01 1.006511e-05
693 85 2 1.082253e+01 6.290518e-06
694 85 3 1.172461e+01 6.921653e-06
695 85 4 1.024379e+01 6.065168e-06
605 85 5 1.101113e+01 6.527131e-06
606 85 6 1.640445e+01 1.017930e-05
994 86 0 1.734472e+01 9.975755e-06
993 86 1 1.859757e+01 1.091664e-05
886 86 2 2.081899e+01 1.205734e-05
887 86 3 1.914216e+01 1.103975e-05
888 86 4 1.862381e+01 1.078809e-05
786 86 5 1.858231e+01 1.080652e-05
787 86 6 1.804174e+01 1.047697e-05
1223 87 0 1.755952e+01 1.046537e-05
1222 87 1 1.822577e+01 1.039846e-05
1103 87 2 1.956680e+01 1.120512e-05
1104 87 3 1.751161e+01 1.009661e-05
1105 87 4 1.878853e+01 1.087699e-05
991 87 5 1.669143e+01 9.397817e-06
992 87 6 1.974017e+01 1.134884e-05
1476 88 0 1.713178e+01 1.008172e-05
1475 88 1 1.841079e+01 1.109443e-05
1474 88 2 1.903874e+01 1.110275e-05
1345 88 3 1.175691e+01 6.835257e-06
1346 88 4 1.715094e+01 9.800961e-06
1344 88 5 1.834231e+01 1.049180e-05
1221 88 6 1.849269e+01 1.054673e-05
1731 89 0 2.148648e+01 1.244261e-05
1638 89 1 1.668276e+01 1.017662e-05
1639 89 2 1.856411e+01 1.126450e-05
1732 89 3 1.140315e+01 6.704423e-06
1801 89 4 1.894792e+01 1.114226e-05
1733 89 5 1.136068e+01 6.737186e-06
1802 89 6 1.760249e+01 1.033224e-05
1396 90 0 1.848292e+01 1.112111e-05
1270 90 1 1.939861e+01 1.207430e-05
1271 90 2 1.694951e+01 1.056993e-05
1397 90 3 1.709565e+01 1.060459e-05
1526 90 4 1.723289e+01 1.034432e-05
1398 90 5 1.657232e+01 1.023247e-05
1527 90 6 9.459955e+00 5.726726e-06
1034 91 0 1.039262e+01 6.368503e-06
926 91 1 1.047100e+01 6.732254e-06
927 91 2 1.057445e+01 6.740685e-06
1035 91 3 1.711535e+01 1.080339e-05
1149 91 4 1.848275e+01 1.187818e-05
1036 91 5 1.069736e+01 6.659938e-06
1150 91 6 1.807949e+01 1.147848e-05
726 92 0 9.999693e+00 6.072808e-06
636 92 1 1.053339e+01 6.335703e-06
637 92 2 9.777780e+00 5.951858e-06
727 92 3 9.207383e+00 5.582338e-06
823 92 4 1.059435e+01 7.031206e-06
728 92 5 1.099380e+01 6.970589e-06
824 92 6 1.759041e+01 1.117606e-05
472 93 0 1.267824e+01 7.815757e-06
400 93 1 1.726918e+01 1.076095e-05
401 93 2 1.968868e+01 1.218852e-05
473 93 3 1.786198e+01 1.144437e-05
551 93 4 1.895155e+01 1.160474e-05
474 93 5 1.796212e+01 1.135509e-05
552 93 6 1.019195e+01 6.311431e-06
272 94 0 1.838159e+01 1.106012e-05
218 94 1 2.020254e+01 1.254531e-05
219 94 2 1.962779e+01 1.207312e-05
273 94 3 2.095419e+01 1.279047e-05
333 94 4 9.826369e+00 5.803787e-06
274 94 5 1.098235e+01 6.563125e-06
334 94 6 1.855970e+01 1.132365e-05
216 95 0 1.124122e+01 6.785241e-06
168 95 1 1.024969e+01 6.016728e-06
91 95 2 1.016171e+01 5.938897e-06
127 95 3 1.145653e+01 6.749310e-06
169 95 4 1.893731e+01 1.175365e-05
128 95 5 1.117511e+01 6.599347e-06
170 95 6 1.053826e+01 6.173552e-06
166 96 0 1.131245e+01 7.122557e-06
124 96 1 1.777588e+01 1.144443e-05
89 96 2 9.695132e+00 7.329515e-06
125 96 3 1.726014e+01 1.102953e-05
167 96 4 1.064333e+01 6.521576e-06
90 96 5 9.734284e+00 6.833192e-06
126 96 6 1.061888e+01 6.310939e-06
122 97 0 2.038487e+01 1.211149e-05
86 97 1 1.068360e+01 6.206325e-06
57 97 2 1.641122e+01 9.839061e-06
87 97 3 2.029417e+01 1.199831e-05
123 97 4 1.999409e+01 1.253371e-05
58 97 5 1.783082e+01 1.066747e-05
88 97 6 1.020941e+01 6.462733e-06
160 98 0 1.877255e+01 1.101917e-05
159 98 1 1.959985e+01 1.126629e-05
118 98 2 1.069646e+01 6.338961e-06
119 98 3 1.827074e+01 1.068664e-05
120 98 4 9.004231e+00 5.243514e-06
84 98 5 1.778402e+01 1.107268e-05
85 98 6 9.578247e+00 5.768596e-06
257 99 0 9.342421e+00 5.401078e-06
256 99 1 1.765082e+01 1.084136e-05
203 99 2 1.000802e+01 5.875641e-06
204 99 3 1.012209e+01 5.917769e-06
205 99 4 1.033958e+01 5.867213e-06
157 99 5 1.991014e+01 1.204847e-05
158 99 6 9.007529e+00 5.240424e-06
378 100 0 9.630177e+00 5.748761e-06
377 100 1 9.867884e+00 5.917441e-06
312 100 2 9.571883e+00 5.724379e-06
313 100 3 1.891568e+01 1.188632e-05
314 100 4 1.129013e+01 7.168593e-06
254 100 5 1.809438e+01 1.171885e-05
255 100 6 1.686576e+01 1.073439e-05
523 101 0 1.829098e+01 1.213647e-05
522 101 1 1.865603e+01 1.191579e-05
445 101 2 1.799700e+01 1.106657e-05
446 101 3 1.742228e+01 1.111847e-05
447 101 4 1.952661e+01 1.186977e-05
375 101 5 1.934406e+01 1.180294e-05
376 101 6 1.809454e+01 1.091552e-05
692 102 0 1.894883e+01 1.093867e-05
691 102 1 1.987006e+01 1.152873e-05
690 102 2 1.831672e+01 1.120691e-05
603 102 3 1.949771e+01 1.156601e-05
604 102 4 1.856314e+01 1.085859e-05
602 102 5 1.954775e+01 1.147653e-05
521 102 6 1.945459e+01 1.140728e-05
885 103 0 2.059354e+01 1.202229e-05
990 103 1 1.020274e+01 5.721680e-06
989 103 2 1.843945e+01 1.080794e-05
884 103 3 1.909727e+01 1.107212e-05
785 103 4 1.938954e+01 1.111190e-05
883 103 5 1.047670e+01 6.021737e-06
784 103 6 1.842869e+01 1.099045e-05
1220 104 0 1.856172e+01 1.083528e-05
1343 104 1 1.096703e+01 6.118091e-06
1342 104 2 1.795126e+01 1.039061e-05
1219 104 3 1.736396e+01 9.995717e-06
1102 104 4 1.892800e+01 1.086819e-05
1218 104 5 1.730061e+01 1.002419e-05
1101 104 6 1.756124e+01 1.077053e-05
1594 105 0 1.016036e+01 5.977372e-06
1696 105 1 9.068742e+00 5.385344e-06
1695 105 2 1.784960e+01 1.086470e-05
1593 105 3 1.115378e+01 6.655307e-06
1473 105 4 1.738934e+01 1.020135e-05
1592 105 5 1.764860e+01 1.077861e-05
1472 105 6 1.124216e+01 6.494911e-06
1803 106 0 1.649759e+01 9.864779e-06
1734 106 1 9.259099e+00 5.519393e-06
1735 106 2 1.645270e+01 9.919457e-06
1804 106 3 1.496878e+01 8.809894e-06
1843 106 4 1.409108e+01 8.409392e-06
1805 106 5 1.741416e+01 1.060137e-05
1844 106 6 1.241750e+01 7.423197e-06
1528 107 0 1.039533e+01 6.293755e-06
1399 107 1 2.011609e+01 1.260525e-05
1400 107 2 9.675521e+00 5.985850e-06
1529 107 3 9.931794e+00 6.075186e-06
1640 107 4 9.299415e+00 5.606961e-06
1530 107 5 1.028071e+01 6.286573e-06
1641 107 6 9.889490e+00 5.900241e-06
1151 108 0 1.041234e+01 6.516273e-06
1037 108 1 1.002308e+01 6.039557e-06
1038 108 2 1.009654e+01 6.325494e-06
1152 108 3 1.742718e+01 1.078302e-05
1272 108 4 1.042951e+01 6.553070e-06
1153 108 5 1.749196e+01 1.082071e-05
1273 108 6 1.036443e+01 6.598205e-06
825 109 0 9.243994e+00 5.710962e-06
729 109 1 1.056864e+01 6.847850e-06
730 109 2 1.034393e+01 6.433315e-06
826 109 3 1.036981e+01 6.364411e-06
928 109 4 1.121585e+01 6.733272e-06
827 109 5 1.674727e+01 1.023675e-05
929 109 6 1.670980e+01 1.032968e-05
553 110 0 1.920044e+01 1.225191e-05
475 110 1 1.008508e+01 6.291435e-06
476 110 2 1.988934e+01 1.351527e-05
554 110 3 1.721714e+01 1.179280e-05
638 110 4 1.030466e+01 6.777643e-06
555 110 5 1.670325e+01 1.163497e-05
639 110 6 1.912955e+01 1.319680e-05
335 111 0 1.686255e+01 1.030517e-05
275 111 1 1.819454e+01 1.172758e-05
276 111 2 1.759813e+01 1.050800e-05
336 111 3 1.724727e+01 1.048040e-05
402 111 4 1.927622e+01 1.240880e-05
337 111 5 1.736248e+01 1.106583e-05
403 111 6 1.836734e+01 1.186568e-05
171 112 0 1.077342e+01 7.062754e-06
129 112 1 9.718055e+00 6.175691e-06
130 112 2 9.263529e+00 5.697077e-06
172 112 3 1.775851e+01 1.099265e-05
220 112 4 9.946570e+00 7.360942e-06
173 112 5 1.774102e+01 1.108616e-05
221 112 6 1.058196e+01 7.859017e-06
61 113 0 1.849112e+01 1.116427e-05
37 113 1 2.000028e+01 1.333117e-05
38 113 2 1.895705e+01 1.137226e-05
62 113 3 2.051272e+01 1.231864e-05
92 113 4 1.911836e+01 1.165287e-05
63 113 5 1.868055e+01 1.073491e-05
93 113 6 1.848612e+01 1.115579e-05
59 114 0 1.092103e+01 6.666959e-06
35 114 1 1.080510e+01 6.293190e-06
18 114 2 9.339738e+00 5.582167e-06
36 114 3 1.818671e+01 1.056421e-05
60 114 4 1.014015e+01 6.506044e-06
7 114 5 1.000618e+01 5.850877e-06
19 114 6 1.022004e+01 6.365667e-06
56 115 0 1.074773e+01 6.844854e-06
55 115 1 1.774702e+01 1.103352e-05
32 115 2 9.929880e+00 5.802421e-06
33 115 3 1.912214e+01 1.155956e-05
34 115 4 9.605689e+00 5.828936e-06
16 115 5 1.030196e+01 5.852675e-06
17 115 6 9.566337e+00 5.572788e-06
117 116 0 1.095022e+01 6.579495e-06
116 116 1 9.639320e+00 5.788077e-06
81 116 2 1.800968e+01 1.053071e-05
82 116 3 1.817332e+01 1.106175e-05
83 116 4 1.703978e+01 1.088457e-05
53 116 5 1.648218e+01 9.672249e-06
54 116 6 1.768011e+01 1.068118e-05
202 117 0 1.048572e+01 6.179174e-06
201 117 1 1.112109e+01 6.571529e-06
200 117 2 1.046258e+01 6.012268e-06
155 117 3 1.722726e+01 1.008983e-05
156 117 4 9.552886e+00 5.667187e-06
154 117 5 9.622529e+00 5.570686e-06
115 117 6 9.660022e+00 5.679137e-06
311 118 0 1.041649e+01 6.087464e-06
374 118 1 1.092381e+01 6.416745e-06
373 118 2 1.821214e+01 1.064159e-05
310 118 3 1.928646e+01 1.097905e-05
253 118 4 1.042835e+01 6.306743e-06
309 118 5 1.197013e+01 6.784682e-06
252 118 6 1.825222e+01 1.064706e-05
520 119 0 1.739743e+01 1.022618e-05
601 119 1 1.946154e+01 1.135763e-05
600 119 2 1.863135e+01 1.088054e-05
519 119 3 1.749617e+01 1.026329e-05
444 119 4 2.001938e+01 1.211489e-05
518 119 5 1.707907e+01 1.015822e-05
443 119 6 1.727294e+01 1.059902e-05
783 120 0 2.038929e+01 1.236933e-05
882 120 1 1.889842e+01 1.119052e-05
881 120 2 1.132649e+01 6.502411e-06
782 120 3 1.807547e+01 1.087086e-05
689 120 4 1.049981e+01 6.377546e-06
781 120 5 1.956794e+01 1.119059e-05
688 120 6 1.764667e+01 1.017960e-05
1100 121 0 1.888135e+01 1.102529e-05
1217 121 1 1.920551e+01 1.122727e-05
1216 121 2 1.717566e+01 1.027863e-05
1099 121 3 1.126286e+01 6.776338e-06
988 121 4 1.836989e+01 1.080339e-05
1098 121 5 1.916135e+01 1.106538e-05
987 121 6 1.836532e+01 1.082097e-05
1471 122 0 1.901693e+01 1.116289e-05
1591 122 1 1.142307e+01 6.895008e-06
1590 122 2 1.130598e+01 7.351389e-06
1470 122 3 1.924621e+01 1.132695e-05
1341 122 4 1.020877e+01 5.981876e-06
1469 122 5 1.073486e+01 7.181189e-06
1340 122 6 1.808515e+01 1.066122e-05
1776 123 0 9.744969e+00 5.788880e-06
1828 123 1 1.491368e+01 9.132498e-06
1827 123 2 1.496341e+01 9.015693e-06
1775 123 3 1.780768e+01 1.060860e-05
1694 123 4 1.755140e+01 1.045236e-05
1774 123 5 1.804568e+01 1.122780e-05
1693 123 6 1.776124e+01 1.083816e-05
1642 124 0 1.034368e+01 6.286329e-06
1531 124 1 1.821195e+01 1.134163e-05
1532 124 2 9.958982e+00 6.395396e-06
1643 124 3 1.833495e+01 1.139104e-05
1736 124 4 8.949051e+00 5.549732e-06
1644 124 5 1.711655e+01 1.060391e-05
1737 124 6 1.734239e+01 1.064059e-05
1274 125 0 1.875090e+01 1.170485e-05
1154 125 1 2.006513e+01 1.243245e-05
1155 125 2 1.689147e+01 1.057494e-05
1275 125 3 1.890475e+01 1.183557e-05
1401 125 4 1.767639e+01 1.087212e-05
1276 125 5 9.777952e+00 6.213015e-06
1402 125 6 1.815334e+01 1.194168e-05
930 126 0 1.145972e+01 7.140534e-06
828 126 1 1.189975e+01 7.273331e-06
829 126 2 1.900987e+01 1.205880e-05
931 126 3 1.895226e+01 1.176271e-05
1039 126 4 1.741136e+01 1.088818e-05
932 126 5 1.006796e+01 6.257276e-06
1040 126 6 1.750339e+01 1.082510e-05
640 127 0 1.935851e+01 1.353223e-05
556 127 1 2.076207e+01 1.509327e-05
557 127 2 1.621026e+01 1.106879e-05
641 127 3 9.619841e+00 6.664866e-06
731 127 4 1.998107e+01 1.279564e-05
642 127 5 1.851850e+01 1.287609e-05
732 127 6 1.849453e+01 1.154191e-05
404 128 0 1.732122e+01 1.122820e-05
338 128 1 1.987882e+01 1.266049e-05
339 128 2 1.931426e+01 1.201828e-05
405 128 3 1.742235e+01 1.072866e-05
477 128 4 2.037876e+01 1.407771e-05
406 128 5 1.912004e+01 1.148458e-05
478 128 6 1.784738e+01 1.168127e-05
222 129 0 9.915705e+00 5.891381e-06
174 129 1 9.494627e+00 5.638207e-06
175 129 2 1.077285e+01 6.322527e-06
223 129 3 1.048132e+01 6.041643e-06
277 129 4 1.033980e+01 6.044402e-06
224 129 5 1.795845e+01 1.111690e-05
278 129 6 1.099172e+01 6.393578e-06
94 130 0 1.072679e+01 6.284246e-06
64 130 1 1.014626e+01 6.028517e-06
65 130 2 9.976821e+00 5.922105e-06
95 130 3 1.945797e+01 1.147755e-05
131 130 4 1.976250e+01 1.181897e-05
96 130 5 1.834125e+01 1.086886e-05
132 130 6 1.816514e+01 1.101642e-05
20 131 0 9.884603e+00 5.806214e-06
8 131 1 1.734466e+01 1.020325e-05
9 131 2 1.748889e+01 1.064927e-05
21 131 3 1.030566e+01 5.988686e-06
39 131 4 1.897337e+01 1.111099e-05
22 131 5 1.874046e+01 1.089135e-05
40 131 6 1.076684e+01 6.372748e-06
6 132 0 1.823172e+01 1.083328e-05
5 132 1 2.178263e+01 1.259480e-05
4 132 2 1.073447e+01 6.323726e-06
0 132 3 6.841187e+00 3.333029e-06
1 132 4 1.940881e+01 1.162651e-05
3 132 5 1.185504e+01 7.090692e-06
2 132 6 1.785142e+01 1.090431e-05
31 133 0 1.804134e+01 1.054983e-05
52 133 1 1.903901e+01 1.104340e-05
51 133 2 1.877328e+01 1.233446e-05
30 133 3 2.050133e+01 1.345711e-05
15 133 4 1.853885e+01 1.053396e-05
29 133 5 1.729182e+01 1.090580e-05
14 133 6 1.977895e+01 1.380044e-05
114 134 0 1.786089e+01 1.048086e-05
153 134 1 1.171683e+01 6.728521e-06
152 134 2 1.979995e+01 1.142096e-05
113 134 3 1.033264e+01 5.864655e-06
80 134 4 9.768870e+00 5.417304e-06
112 134 5 1.988119e+01 1.158793e-05
79 134 6 9.912676e+00 5.627791e-06
251 135 0 9.932670e+00 5.749913e-06
308 135 1 9.768211e+00 5.365633e-06
307 135 2 1.001657e+01 5.558287e-06
250 135 3 1.962911e+01 1.136976e-05
199 135 4 9.825644e+00 5.616725e-06
249 135 5 9.423530e+00 5.297800e-06
198 135 6 1.086869e+01 6.256325e-06
442 136 0 1.813233e+01 1.096875e-05
517 136 1 1.798760e+01 1.044034e-05
516 136 2 2.087380e+01 1.203028e-05
441 136 3 1.821367e+01 1.057465e-05
372 136 4 1.079041e+01 6.029920e-06
440 136 5 9.677932e+00 5.591974e-06
371 136 6 1.043878e+01 5.747850e-06
687 137 0 1.949873e+01 1.117914e-05
780 137 1 1.759193e+01 9.858856e-06
779 137 2 1.980786e+01 1.138406e-05
686 137 3 1.887105e+01 1.074091e-05
599 137 4 1.915810e+01 1.117250e-05
685 137 5 1.063326e+01 5.969008e-06
598 137 6 1.861150e+01 1.070768e-05
986 138 0 1.040006e+01 5.983798e-06
1097 138 1 1.777629e+01 1.075060e-05
1096 138 2 1.848276e+01 1.110230e-05
985 138 3 1.049849e+01 6.141676e-06
880 138 4 1.930544e+01 1.081071e-05
984 138 5 1.911509e+01 1.128896e-05
879 138 6 5.183932e+00 2.947202e-06
1339 139 0 1.033397e+01 6.302956e-06
1468 139 1 1.035273e+01 7.990608e-06
1467 139 2 1.847298e+01 1.363621e-05
1338 139 3 1.715291e+01 1.144950e-05
1215 139 4 1.095815e+01 6.380741e-06
1337 139 5 9.913384e+00 6.846853e-06
1214 139 6 1.025180e+01 6.246662e-06
1692 140 0 1.023059e+01 7.572470e-06
1773 140 1 9.751897e+00 6.864605e-06
1772 140 2 1.931995e+01 1.418311e-05
1691 140 3 9.921488e+00 8.645369e-06
1589 140 4 1.660996e+01 1.138978e-05
1690 140 5 1.046906e+01 9.982599e-06
1588 140 6 1.827603e+01 1.351451e-05
1738 141 0 8.696805e+00 5.138770e-06
1645 141 1 9.864061e+00 5.959613e-06
1646 141 2 1.063917e+01 6.479354e-06
1739 141 3 1.613233e+01 9.748985e-06
1806 141 4 1.371210e+01 8.335840e-06
1740 141 5 9.103023e+00 5.509305e-06
1807 141 6 7.797920e+00 4.713035e-06
1403 142 0 9.354338e+00 6.158418e-06
1277 142 1 9.746641e+00 6.196940e-06
1278 142 2 1.755837e+01 1.095029e-05
1404 142 3 1.630554e+01 1.047736e-05
1533 142 4 1.762962e+01 1.132104e-05
1405 142 5 1.680686e+01 1.025713e-05
1534 142 6 1.745319e+01 1.095048e-05
1041 143 0 1.943169e+01 1.212886e-05
933 143 1 1.873853e+01 1.164610e-05
934 143 2 1.962296e+01 1.238994e-05
1042 143 3 1.796418e+01 1.151586e-05
1156 143 4 1.886063e+01 1.213973e-05
1043 143 5 1.822111e+01 1.136410e-05
1157 143 6 1.962327e+01 1.228787e-05
733 144 0 9.989011e+00 7.078243e-06
643 144 1 2.022504e+01 1.418115e-05
644 144 2 1.038518e+01 8.641288e-06
734 144 3 1.797705e+01 1.389887e-05
830 144 4 1.168990e+01 7.536932e-06
735 144 5 1.904384e+01 1.339157e-05
831 144 6 1.861780e+01 1.190991e-05
479 145 0 2.055910e+01 1.439168e-05
407 145 1 1.718699e+01 1.038464e-05
408 145 2 1.675918e+01 1.041907e-05
480 145 3 1.729393e+01 1.091924e-05
558 145 4 1.926170e+01 1.385752e-05
481 145 5 1.859943e+01 1.328804e-05
559 145 6 9.987227e+00 8.086654e-06
279 146 0 1.708336e+01 1.008840e-05
225 146 1 1.858813e+01 1.132170e-05
226 146 2 1.900479e+01 1.147924e-05
280 146 3 1.730268e+01 1.061020e-05
340 146 4 1.842872e+01 1.228786e-05
281 146 5 1.821831e+01 1.098501e-05
341 146 6 1.823876e+01 1.112372e-05
133 147 0 2.041016e+01 1.218980e-05
97 147 1 1.979894e+01 1.176586e-05
135 147 2 1.902749e+01 1.131137e-05
134 147 3 1.843599e+01 1.044394e-05
176 147 4 1.830721e+01 1.130983e-05
178 147 5 1.919579e+01 1.134903e-05
177 147 6 1.897138e+01 1.173269e-05
41 148 0 1.041238e+01 6.090112e-06
42 148 1 1.988561e+01 1.225566e-05
68 148 2 1.160455e+01 6.779110e-06
67 148 3 4.880792e+00 2.831864e-06
66 148 4 1.060630e+01 6.163755e-06
99 148 5 1.841353e+01 1.077777e-05
98 148 6 1.781315e+01 1.053984e-05
10 149 0 1.943308e+01 1.237803e-05
11 149 1 1.731419e+01 1.040892e-05
25 149 2 1.721799e+01 1.089042e-05
24 149 3 1.781900e+01 1.088241e-05
23 149 4 1.732830e+01 1.083985e-05
44 149 5 1.863917e+01 1.134311e-05
43 149 6 1.812276e+01 1.132019e-05
13 150 0 1.805630e+01 1.217159e-05
28 150 1 1.774899e+01 1.234964e-05
48 150 2 1.807003e+01 1.105016e-05
27 150 3 1.697234e+01 1.000916e-05
12 150 4 9.797531e+00 5.654513e-06
47 150 5 1.681320e+01 1.037641e-05
26 150 6 1.041086e+01 6.472815e-06
78 151 0 1.062732e+01 6.345995e-06
111 151 1 1.059694e+01 6.174519e-06
110 151 2 1.678094e+01 9.770578e-06
77 151 3 1.677785e+01 1.015538e-05
50 151 4 1.009304e+01 6.426770e-06
76 151 5 9.336367e+00 5.785311e-06
49 151 6 1.130714e+01 6.869892e-06
197 152 0 1.045402e+01 6.097331e-06
248 152 1 1.870911e+01 1.081144e-05
247 152 2 9.509617e+00 5.475517e-06
196 152 3 9.765564e+00 5.630714e-06
151 152 4 1.015529e+01 5.729036e-06
195 152 5 9.949570e+00 5.764555e-06
150 152 6 9.956866e+00 5.757912e-06
370 153 0 1.756734e+01 1.005045e-05
439 153 1 1.055511e+01 6.179860e-06
438 153 2 1.772446e+01 1.073932e-05
369 153 3 1.801438e+01 1.075315e-05
306 153 4 1.755304e+01 1.034571e-05
368 153 5 1.082440e+01 6.632733e-06
305 153 6 1.031775e+01 6.193919e-06
597 154 0 1.074438e+01 6.067816e-06
684 154 1 1.875699e+01 1.116728e-05
683 154 2 1.830908e+01 1.256263e-05
596 154 3 1.691486e+01 1.041320e-05
515 154 4 1.148144e+01 6.718007e-06
595 154 5 1.015394e+01 9.174074e-06
514 154 6 1.087100e+01 6.981728e-06
878 155 0 1.136475e+01 6.734611e-06
983 155 1 1.958421e+01 1.196655e-05
982 155 2 1.909594e+01 1.235884e-05
877 155 3 2.053035e+01 1.278144e-05
778 155 4 1.974162e+01 1.159781e-05
876 155 5 1.860153e+01 1.168622e-05
777 155 6 2.000005e+01 1.219066e-05
1213 156 0 2.004453e+01 1.241219e-05
1336 156 1 2.098182e+01 1.457851e-05
1335 156 2 1.145730e+01 7.626107e-06
1212 156 3 1.831624e+01 1.148783e-05
1095 156 4 1.982030e+01 1.275245e-05
1211 156 5 1.589896e+01 9.661833e-06
1094 156 6 1.105520e+01 6.558947e-06
1587 157 0 1.041050e+01 7.287929e-06
1689 157 1 1.096613e+01 9.256894e-06
1688 157 2 1.769692e+01 1.168649e-05
1586 157 3 1.106012e+01 9.231042e-06
1466 157 4 1.910141e+01 1.367309e-05
1585 157 5 1.097429e+01 7.525581e-06
1465 157 6 1.054799e+01 7.579669e-06
1826 158 0 4.656233e+00 2.936324e-06
1850 158 1 1.436929e+01 8.634467e-06
1849 158 2 4.589204e+00 2.712268e-06
1825 158 3 1.733189e+01 1.157110e-05
1771 158 4 1.795599e+01 1.308283e-05
1824 158 5 1.023693e+01 6.720137e-06
1770 158 6 1.851913e+01 1.465083e-05
1535 159 0 1.692600e+01 1.035042e-05
1406 159 1 1.798423e+01 1.109240e-05
1407 159 2 1.664895e+01 1.015280e-05
1536 159 3 1.734954e+01 1.070316e-05
1647 159 4 1.586723e+01 9.750529e-06
1537 159 5 1.745596e+01 1.052761e-05
1648 159 6 1.672762e+01 1.024545e-05
1158 160 0 1.597019e+01 9.761913e-06
1044 160 1 1.016987e+01 6.187240e-06
1045 160 2 1.732439e+01 1.036478e-05
1159 160 3 1.656190e+01 1.008757e-05
1279 160 4 1.876741e+01 1.179146e-05
1160 160 5 9.860146e+00 6.115563e-06
1280 160 6 1.099703e+01 7.001962e-06
832 161 0 2.117388e+01 1.384212e-05
736 161 1 1.941175e+01 1.276461e-05
737 161 2 9.531080e+00 6.206044e-06
833 161 3 1.779591e+01 1.218200e-05
935 161 4 1.710588e+01 1.110789e-05
834 161 5 1.804474e+01 1.172119e-05
936 161 6 9.723422e+00 6.138227e-06
560 162 0 1.106852e+01 7.769494e-06
482 162 1 1.823437e+01 1.190674e-05
562 162 2 2.311607e+01 1.465719e-05
561 162 3 1.861764e+01 1.158040e-05
645 162 4 1.657935e+01 1.083722e-05
647 162 5 2.112941e+01 1.284373e-05
646 162 6 1.026077e+01 6.430530e-06
342 163 0 9.995178e+00 6.102849e-06
343 163 1 1.888745e+01 1.153910e-05
411 163 2 9.550351e+00 5.755993e-06
410 163 3 1.861829e+01 1.141086e-05
409 163 4 1.829736e+01 1.169243e-05
484 163 5 1.020967e+01 6.151105e-06
483 163 6 1.918419e+01 1.208284e-05
227 164 0 1.777272e+01 1.082963e-05
228 164 1 1.033592e+01 6.231521e-06
284 164 2 2.180067e+01 1.302826e-05
283 164 3 1.004223e+01 5.949973e-06
282 164 4 1.705319e+01 1.024855e-05
345 164 5 1.088863e+01 6.534142e-06
344 164 6 1.786015e+01 1.061305e-05
136 165 0 9.036599e+00 5.339593e-06
137 165 1 9.523665e+00 5.501259e-06
181 165 2 1.688107e+01 1.010527e-05
180 165 3 1.709654e+01 1.032301e-05
179 165 4 1.849427e+01 1.107396e-05
230 165 5 1.871588e+01 1.151733e-05
229 165 6 1.899629e+01 1.145465e-05
69 166 0 9.712350e+00 5.673257e-06
70 166 1 1.685297e+01 1.017670e-05
102 166 2 1.956958e+01 1.220515e-05
101 166 3 1.815452e+01 1.096595e-05
100 166 4 1.920163e+01 1.142784e-05
139 166 5 1.009362e+01 6.326003e-06
138 166 6 1.066933e+01 6.440082e-06
46 167 0 1.966603e+01 1.208241e-05
73 167 1 1.730216e+01 1.052367e-05
105 167 2 9.801983e+00 5.847264e-06
72 167 3 9.964227e+00 5.921663e-06
45 167 4 1.736261e+01 1.048674e-05
104 167 5 1.649955e+01 9.860309e-06
71 167 6 1.789774e+01 1.089782e-05
75 168 0 1.000474e+01 6.529706e-06
108 168 1 1.875136e+01 1.130883e-05
146 168 2 1.831497e+01 1.093877e-05
107 168 3 1.900783e+01 1.155355e-05
74 168 4 1.048024e+01 6.472631e-06
145 168 5 1.019403e+01 6.298808e-06
106 168 6 1.783871e+01 1.095729e-05
149 169 0 1.950891e+01 1.166966e-05
194 169 1 1.955982e+01 1.144393e-05
193 169 2 1.961075e+01 1.150022e-05
148 169 3 1.791466e+01 1.049615e-05
109 169 4 1.117474e+01 6.463564e-06
192 169 5 1.873041e+01 1.090062e-05
147 169 6 1.114285e+01 6.545761e-06
304 170 0 1.894510e+01 1.144459e-05
367 170 1 1.834178e+01 1.132290e-05
366 170 2 1.735918e+01 1.020245e-05
303 170 3 1.977344e+01 1.186318e-05
246 170 4 1.766735e+01 1.037296e-05
302 170 5 1.928263e+01 1.124085e-05
245 170 6 1.772294e+01 1.040033e-05
513 171 0 1.015937e+01 6.107929e-06
594 171 1 1.051690e+01 6.693611e-06
593 171 2 9.853281e+00 5.804520e-06
512 171 3 1.732968e+01 1.005833e-05
437 171 4 1.008154e+01 6.004708e-06
511 171 5 1.077337e+01 6.333148e-06
436 171 6 1.030920e+01 6.096769e-06
776 172 0 1.789999e+01 1.092783e-05
875 172 1 1.058581e+01 6.150191e-06
874 172 2 9.437419e+00 5.696380e-06
775 172 3 1.940592e+01 1.193608e-05
682 172 4 9.704792e+00 6.606144e-06
774 172 5 1.034468e+01 6.038150e-06
681 172 6 9.411421e+00 5.655451e-06
1093 173 0 1.068979e+01 6.442198e-06
1210 173 1 1.096557e+01 6.794569e-06
1209 173 2 1.035847e+01 6.347151e-06
1092 173 3 1.722390e+01 1.070222e-05
981 173 4 1.078928e+01 6.922048e-06
1091 173 5 1.064244e+01 6.477027e-06
980 173 6 1.903130e+01 1.217326e-05
1464 174 0 1.961816e+01 1.307675e-05
1584 174 1 1.130918e+01 9.459543e-06
1583 174 2 9.772719e+00 7.415636e-06
1463 174 3 1.046775e+01 8.028457e-06
1334 174 4 1.050169e+01 6.800690e-06
1462 174 5 1.092020e+01 9.884394e-06
1333 174 6 1.962948e+01 1.469108e-05
1769 175 0 1.755733e+01 1.284093e-05
1823 175 1 1.960088e+01 1.299692e-05
1822 175 2 1.749462e+01 1.168576e-05
1768 175 3 1.879552e+01 1.439073e-05
1687 175 4 1.806083e+01 1.274731e-05
1767 175 5 1.080837e+01 8.382756e-06
1686 175 6 1.030703e+01 8.341843e-06
1281 176 0 1.649064e+01 1.017329e-05
1161 176 1 1.692249e+01 1.023286e-05
1283 176 2 1.712294e+01 1.061638e-05
1282 176 3 1.013210e+01 6.147726e-06
1408 176 4 1.846743e+01 1.128932e-05
1410 176 5 1.877748e+01 1.140106e-05
1409 176 6 1.720128e+01 1.042200e-05
937 177 0 1.675168e+01 1.026826e-05
938 177 1 1.876337e+01 1.169545e-05
1048 177 2 1.857986e+01 1.183917e-05
1047 177 3 1.660506e+01 1.031531e-05
1046 177 4 1.789422e+01 1.083026e-05
1163 177 5 1.731324e+01 1.114216e-05
1162 177 6 9.992900e+00 6.415399e-06
738 178 0 1.023669e+01 6.236580e-06
739 178 1 9.301623e+00 5.637849e-06
837 178 2 1.637294e+01 1.050801e-05
836 178 3 1.877893e+01 1.221658e-05
835 178 4 1.875532e+01 1.245451e-05
940 178 5 1.880640e+01 1.240666e-05
939 178 6 9.509238e+00 6.112874e-06
563 179 0 1.040288e+01 6.068590e-06
564 179 1 1.989022e+01 1.195372e-05
650 179 2 1.007028e+01 5.975239e-06
649 179 3 1.064984e+01 6.125089e-06
648 179 4 1.987920e+01 1.197136e-05
741 179 5 1.999808e+01 1.231898e-05
740 179 6 1.828546e+01 1.133446e-05
412 180 0 1.983478e+01 1.215506e-05
413 180 1 1.033193e+01 6.240139e-06
487 180 2 9.927566e+00 6.374369e-06
486 180 3 1.038272e+01 6.215332e-06
485 180 4 9.753027e+00 5.965389e-06
566 180 5 1.993638e+01 1.261820e-05
565 180 6 1.935578e+01 1.178391e-05
285 181 0 1.705917e+01 1.018423e-05
286 181 1 2.038169e+01 1.258962e-05
348 181 2 1.724811e+01 1.046740e-05
347 181 3 1.825833e+01 1.101496e-05
346 181 4 2.036875e+01 1.225675e-05
415 181 5 1.743526e+01 1.067488e-05
414 181 6 1.713140e+01 1.056494e-05
182 182 0 1.650218e+01 1.035765e-05
183 182 1 1.775329e+01 1.129031e-05
233 182 2 1.799749e+01 1.117817e-05
232 182 3 1.867226e+01 1.208764e-05
231 182 4 1.769554e+01 1.122339e-05
288 182 5 1.869643e+01 1.148333e-05
287 182 6 1.865056e+01 1.194602e-05
103 183 0 1.896540e+01 1.149829e-05
142 183 1 2.019946e+01 1.228778e-05
186 183 2 1.916216e+01 1.157367e-05
141 183 3 1.000459e+01 5.987836e-06
140 183 4 1.053706e+01 6.566189e-06
185 183 5 9.435649e+00 5.602632e-06
184 183 6 2.101862e+01 1.309586e-05
144 184 0 1.842326e+01 1.114543e-05
189 184 1 1.765093e+01 1.242892e-05
239 184 2 1.861178e+01 1.275348e-05
188 184 3 1.822374e+01 1.235450e-05
143 184 4 4.788461e+00 2.861368e-06
238 184 5 1.719538e+01 1.102286e-05
187 184 6 1.950779e+01 1.228248e-05
191 185 0 9.280940e+00 5.553854e-06
242 185 1 1.020154e+01 5.965965e-06
298 185 2 1.049323e+01 6.094753e-06
241 185 3 9.638154e+00 5.764769e-06
190 185 4 1.029957e+01 6.950224e-06
297 185 5 9.831115e+00 5.874278e-06
240 185 6 9.704007e+00 6.214133e-06
244 186 0 1.787466e+01 1.050288e-05
301 186 1 1.039358e+01 5.850994e-06
363 186 2 1.155418e+01 6.628765e-06
300 186 3 9.641723e+00 5.559908e-06
243 186 4 9.854861e+00 5.704266e-06
362 186 5 1.099516e+01 6.528768e-06
299 186 6 1.011760e+01 5.904232e-06
435 187 0 1.742189e+01 1.025019e-05
510 187 1 1.014659e+01 5.927881e-06
509 187 2 1.824570e+01 1.070142e-05
434 187 3 1.807201e+01 1.061254e-05
365 187 4 1.962618e+01 1.144177e-05
433 187 5 9.531016e+00 5.564143e-06
364 187 6 1.716900e+01 1.020503e-05
680 188 0 1.041872e+01 6.151557e-06
773 188 1 1.093640e+01 6.392316e-06
772 188 2 1.721210e+01 9.994629e-06
679 188 3 9.726203e+00 5.674369e-06
592 188 4 1.905851e+01 1.127828e-05
678 188 5 1.668228e+01 9.766450e-06
591 188 6 9.929448e+00 5.714920e-06
979 189 0 1.962392e+01 1.262580e-05
1090 189 1 1.844118e+01 1.158191e-05
1089 189 2 9.870252e+00 6.091221e-06
978 189 3 1.877036e+01 1.240048e-05
873 189 4 1.917878e+01 1.123350e-05
977 189 5 1.132877e+01 7.106616e-06
872 189 6 1.867969e+01 1.105911e-05
1332 190 0 1.917765e+01 1.349974e-05
1461 190 1 1.872906e+01 1.294431e-05
1460 190 2 1.106112e+01 8.215921e-06
1331 190 3 1.860109e+01 1.288090e-05
1208 190 4 1.808603e+01 1.155429e-05
1330 190 5 1.790965e+01 1.272061e-05
1207 190 6 9.981972e+00 6.232820e-06
1685 191 0 1.924906e+01 1.466383e-05
1766 191 1 1.915524e+01 1.363227e-05
1765 191 2 1.879334e+01 1.315777e-05
1684 191 3 1.862445e+01 1.290943e-05
1582 191 4 1.782651e+01 1.429449e-05
1683 191 5 1.884800e+01 1.278142e-05
1581 191 6 1.853505e+01 1.403752e-05
1284 192 0 1.002846e+01 6.632709e-06
1285 192 1 1.933847e+01 1.277512e-05
1413 192 2 1.747083e+01 1.093040e-05
1412 192 3 1.008861e+01 6.298557e-06
1411 192 4 1.062488e+01 6.598209e-06
1539 192 5 1.019222e+01 6.174730e-06
1538 192 6 9.774428e+00 5.958699e-06
1049 193 0 1.933913e+01 1.207555e-05
1050 193 1 1.765771e+01 1.103751e-05
1166 193 2 9.550341e+00 5.703023e-06
1165 193 3 1.833335e+01 1.113538e-05
1164 193 4 9.744371e+00 6.076917e-06
1287 193 5 1.008632e+01 6.040531e-06
1286 193 6 1.052953e+01 6.342751e-06
838 194 0 9.885118e+00 6.133660e-06
839 194 1 2.015311e+01 1.237272e-05
943 194 2 1.835030e+01 1.133334e-05
942 194 3 1.888556e+01 1.213814e-05
941 194 4 1.958541e+01 1.261882e-05
1052 194 5 1.850729e+01 1.169306e-05
1051 194 6 1.781530e+01 1.110790e-05
651 195 0 1.756182e+01 1.120186e-05
652 195 1 1.814355e+01 1.204011e-05
744 195 2 1.747889e+01 1.525142e-05
743 195 3 1.724943e+01 1.135106e-05
742 195 4 1.680340e+01 1.016906e-05
841 195 5 1.784380e+01 1.140019e-05
840 195 6 1.877312e+01 1.148362e-05
488 196 0 1.742218e+01 1.390309e-05
489 196 1 1.629647e+01 1.256324e-05
569 196 2 1.681923e+01 1.251262e-05
568 196 3 1.322682e+01 6.389553e-06
567 196 4 1.776492e+01 1.118171e-05
654 196 5 1.700536e+01 1.260486e-05
653 196 6 1.686172e+01 1.057298e-05
349 197 0 9.938215e+00 5.907728e-06
350 197 1 9.416845e+00 5.574121e-06
418 197 2 1.889809e+01 1.093310e-05
417 197 3 9.976555e+00 5.892071e-06
416 197 4 9.589433e+00 5.596605e-06
491 197 5 9.319596e+00 5.558207e-06
490 197 6 1.015233e+01 6.191365e-06
234 198 0 1.749246e+01 1.064227e-05
235 198 1 9.154522e+00 5.346725e-06
291 198 2 1.745040e+01 1.056266e-05
290 198 3 1.782981e+01 1.055404e-05
289 198 4 1.730129e+01 1.059958e-05
352 198 5 1.724131e+01 1.043187e-05
351 198 6 1.828080e+01 1.078252e-05
237 199 0 9.723283e+00 5.692630e-06
294 199 1 1.700913e+01 1.018238e-05
356 199 2 1.750648e+01 1.110523e-05
293 199 3 1.612208e+01 9.629937e-06
236 199 4 1.776988e+01 1.056182e-05
355 199 5 1.826634e+01 1.095906e-05
292 199 6 9.081176e+00 5.431809e-06
296 200 0 1.891491e+01 1.131801e-05
359 200 1 1.862832e+01 1.125467e-05
427 200 2 1.921065e+01 1.144909e-05
358 200 3 1.702346e+01 9.905782e-06
295 200 4 1.867147e+01 1.126652e-05
426 200 5 1.707377e+01 1.015569e-05
357 200 6 1.681778e+01 1.008814e-05
361 201 0 1.856226e+01 1.121037e-05
430 201 1 1.809401e+01 1.086456e-05
504 201 2 1.731861e+01 1.040700e-05
429 201 3 1.661702e+01 9.992188e-06
360 201 4 1.919854e+01 1.157643e-05
503 201 5 1.628773e+01 9.673274e-06
428 201 6 8.957865e+00 5.359275e-06
432 202 0 1.745005e+01 1.049941e-05
507 202 1 1.602764e+01 9.664143e-06
587 202 2 1.024962e+01 6.375721e-06
506 202 3 1.751194e+01 1.045725e-05
431 202 4 9.486928e+00 5.632813e-06
586 202 5 1.816501e+01 1.117697e-05
505 202 6 1.061165e+01 6.245969e-06
590 203 0 1.916464e+01 1.135954e-05
677 203 1 1.873169e+01 1.100498e-05
676 203 2 1.103226e+01 6.482328e-06
589 203 3 1.768701e+01 1.058491e-05
508 203 4 1.024763e+01 6.031641e-06
675 203 5 1.909311e+01 1.125225e-05
588 203 6 1.926324e+01 1.179873e-05
871 204 0 1.747167e+01 1.040731e-05
976 204 1 1.840081e+01 1.099475e-05
975 204 2 1.705089e+01 1.005523e-05
870 204 3 1.699955e+01 1.010597e-05
771 204 4 1.821502e+01 1.082804e-05
869 204 5 1.783090e+01 1.060681e-05
770 204 6 1.972647e+01 1.177468e-05
1206 205 0 1.059593e+01 9.088884e-06
1329 205 1 1.055525e+01 7.916450e-06
1328 205 2 1.687501e+01 1.440181e-05
1205 205 3 5.242745e+00 4.737541e-06
1088 205 4 1.759859e+01 1.073752e-05
1204 205 5 1.848943e+01 1.651550e-05
1087 205 6 9.811902e+00 6.891840e-06
1580 206 0 1.937322e+01 1.371466e-05
1682 206 1 1.034687e+01 7.830704e-06
1681 206 2 1.841401e+01 1.344457e-05
1579 206 3 1.739015e+01 1.153068e-05
1459 206 4 1.905236e+01 1.262379e-05
1578 206 5 1.631848e+01 1.184029e-05
1458 206 6 1.831533e+01 1.299205e-05
1414 207 0 9.928368e+00 6.331835e-06
1415 207 1 1.893837e+01 1.145053e-05
1542 207 2 1.728343e+01 1.127467e-05
1541 207 3 1.578817e+01 1.053571e-05
1540 207 4 1.002866e+01 6.432552e-06
1650 207 5 9.888899e+00 6.110212e-06
1649 207 6 1.710035e+01 1.085089e-05
1167 208 0 1.793555e+01 1.099231e-05
1168 208 1 1.872357e+01 1.164106e-05
1290 208 2 1.118719e+01 6.992982e-06
1289 208 3 1.760953e+01 1.071092e-05
1288 208 4 1.011549e+01 5.967006e-06
1417 208 5 9.146776e+00 5.536664e-06
1416 208 6 1.755063e+01 1.051852e-05
944 209 0 9.714571e+00 6.083399e-06
945 209 1 1.076655e+01 6.625069e-06
1055 209 2 1.881309e+01 1.175604e-05
1054 209 3 9.682965e+00 5.995567e-06
1053 209 4 9.552098e+00 5.941552e-06
1170 209 5 1.022059e+01 6.275865e-06
1169 209 6 9.976239e+00 6.110902e-06
745 210 0 1.837923e+01 1.377997e-05
746 210 1 1.803556e+01 1.180335e-05
844 210 2 1.843618e+01 1.138777e-05
843 210 3 9.634639e+00 6.005126e-06
842 210 4 1.940660e+01 1.271323e-05
947 210 5 1.914346e+01 1.198485e-05
946 210 6 1.766863e+01 1.115473e-05
570 211 0 1.884547e+01 1.182860e-05
571 211 1 1.640070e+01 9.728320e-06
657 211 2 1.957303e+01 1.210387e-05
656 211 3 1.891021e+01 1.257540e-05
655 211 4 1.554928e+01 1.007951e-05
748 211 5 1.055347e+01 6.567773e-06
747 211 6 1.826293e+01 1.143669e-05
419 212 0 1.877147e+01 1.125918e-05
420 212 1 1.850871e+01 1.136761e-05
494 212 2 9.731839e+00 5.901962e-06
493 212 3 1.759751e+01 1.047515e-05
492 212 4 1.853023e+01 1.086167e-05
573 212 5 1.929309e+01 1.150028e-05
572 212 6 1.635901e+01 9.676756e-06
354 213 0 1.613884e+01 9.729210e-06
423 213 1 1.046669e+01 6.423160e-06
497 213 2 1.833842e+01 1.300296e-05
422 213 3 1.651598e+01 1.073894e-05
353 213 4 1.780906e+01 1.093215e-05
496 213 5 1.015948e+01 6.645734e-06
421 213 6 1.000477e+01 6.401366e-06
425 214 0 1.040995e+01 6.149608e-06
500 214 1 1.044748e+01 6.128273e-06
580 214 2 1.816044e+01 1.068930e-05
499 214 3 9.523287e+00 5.938552e-06
424 214 4 1.016870e+01 6.015707e-06
579 214 5 9.407450e+00 5.788649e-06
498 214 6 9.643865e+00 6.672567e-06
502 215 0 1.749572e+01 1.037636e-05
583 215 1 1.877820e+01 1.107766e-05
669 215 2 1.858403e+01 1.087228e-05
582 215 3 1.001939e+01 5.868774e-06
501 215 4 1.692074e+01 1.016047e-05
668 215 5 1.838644e+01 1.056555e-05
581 215 6 1.646467e+01 9.598594e-06
585 216 0 1.787898e+01 1.085325e-05
672 216 1 1.788169e+01 1.138109e-05
764 216 2 1.083379e+01 6.421252e-06
671 216 3 1.080050e+01 6.785445e-06
584 216 4 9.428362e+00 5.506924e-06
763 216 5 1.887566e+01 1.180899e-05
670 216 6 9.182753e+00 5.450680e-06
674 217 0 1.807262e+01 1.115295e-05
767 217 1 1.789780e+01 1.052345e-05
865 217 2 1.852284e+01 1.079717e-05
766 217 3 1.718855e+01 1.024407e-05
673 217 4 1.833719e+01 1.129416e-05
864 217 5 1.785481e+01 1.037299e-05
765 217 6 1.845320e+01 1.106237e-05
769 218 0 1.737557e+01 1.027249e-05
868 218 1 9.943596e+00 5.836727e-06
972 218 2 1.010222e+01 5.815392e-06
867 218 3 1.696811e+01 1.001911e-05
768 218 4 1.005185e+01 5.869068e-06
971 218 5 1.690690e+01 9.814977e-06
866 218 6 1.986490e+01 1.175027e-05
1086 219 0 1.848745e+01 1.159355e-05
1203 219 1 1.650251e+01 1.073546e-05
1202 219 2 1.693419e+01 1.049190e-05
1085 219 3 1.793184e+01 1.063133e-05
974 219 4 1.838284e+01 1.085562e-05
1084 219 5 1.829425e+01 1.126937e-05
973 219 6 1.853234e+01 1.074015e-05
1457 220 0 1.872315e+01 1.416403e-05
1577 220 1 1.767779e+01 1.426065e-05
1576 220 2 1.842695e+01 1.511411e-05
1456 220 3 1.533984e+01 1.083546e-05
1327 220 4 1.885115e+01 1.508258e-05
1455 220 5 1.734553e+01 1.135042e-05
1326 220 6 1.704726e+01 1.065359e-05
1543 221 0 1.720691e+01 1.068098e-05
1544 221 1 9.533712e+00 5.968325e-06
1653 221 2 1.825490e+01 1.236666e-05
1652 221 3 1.088262e+01 7.370220e-06
1651 221 4 1.921463e+01 1.219312e-05
1742 221 5 9.546078e+00 6.177232e-06
1741 221 6 1.001501e+01 6.241321e-06
1291 222 0 9.633470e+00 5.957842e-06
1292 222 1 9.064397e+00 5.568395e-06
1420 222 2 1.706246e+01 1.045261e-05
1419 222 3 1.660467e+01 1.009109e-05
1418 222 4 9.606179e+00 5.849384e-06
1546 222 5 1.658910e+01 1.006322e-05
1545 222 6 1.066891e+01 6.536550e-06
1056 223 0 1.810345e+01 1.119400e-05
1057 223 1 1.898424e+01 1.182843e-05
1173 223 2 1.808732e+01 1.111491e-05
1172 223 3 1.879585e+01 1.153050e-05
1171 223 4 1.866759e+01 1.143541e-05
1294 223 5 1.938781e+01 1.202968e-05
1293 223 6 1.800585e+01 1.122615e-05
845 224 0 1.416620e+01 1.073870e-05
846 224 1 8.707319e+00 6.458186e-06
950 224 2 1.445183e+01 1.063855e-05
949 224 3 1.541936e+01 1.164249e-05
948 224 4 1.521851e+01 1.182422e-05
1059 224 5 1.497128e+01 1.123644e-05
1058 224 6 1.571235e+01 1.192102e-05
658 225 0 1.955510e+01 1.182706e-05
659 225 1 5.262850e+00 3.093366e-06
751 225 2 5.105696e+00 3.026316e-06
750 225 3 9.650283e+00 5.838247e-06
749 225 4 1.049597e+01 6.538090e-06
848 225 5 4.997145e+00 3.019358e-06
847 225 6 1.114700e+01 6.707507e-06
495 226 0 9.828757e+00 6.037005e-06
576 226 1 1.018754e+01 6.299551e-06
662 226 2 1.903780e+01 1.144614e-05
575 226 3 1.798435e+01 1.080612e-05
574 226 4 1.769872e+01 1.062935e-05
661 226 5 1.812913e+01 1.105032e-05
660 226 6 1.769121e+01 1.083866e-05
578 227 0 1.868011e+01 1.206613e-05
665 227 1 1.043379e+01 6.314090e-06
757 227 2 1.053873e+01 6.340112e-06
664 227 3 1.835318e+01 1.128971e-05
577 227 4 1.028657e+01 6.569524e-06
756 227 5 1.025659e+01 6.022929e-06
663 227 6 9.799664e+00 5.945450e-06
667 228 0 9.197298e+00 5.314689e-06
760 228 1 9.447710e+00 5.317950e-06
858 228 2 9.345630e+00 5.410493e-06
759 228 3 1.616671e+01 9.343578e-06
666 228 4 8.554453e+00 5.021992e-06
857 228 5 9.786602e+00 5.620522e-06
758 228 6 1.753857e+01 1.048572e-05
762 229 0 1.079987e+01 6.352220e-06
861 229 1 9.971041e+00 7.811230e-06
965 229 2 1.056863e+01 7.443866e-06
860 229 3 9.281874e+00 7.032107e-06
761 229 4 1.007810e+01 5.778343e-06
964 229 5 9.655689e+00 6.254755e-06
859 229 6 1.058539e+01 6.287983e-06
863 230 0 1.061439e+01 6.242403e-06
968 230 1 1.025460e+01 6.118456e-06
1078 230 2 9.410886e+00 5.545671e-06
967 230 3 1.058547e+01 6.455454e-06
862 230 4 1.859637e+01 1.180235e-05
1077 230 5 1.099369e+01 6.952561e-06
966 230 6 1.012069e+01 6.715509e-06
970 231 0 1.055705e+01 6.113179e-06
1081 231 1 1.083337e+01 6.200291e-06
1197 231 2 1.004209e+01 5.924971e-06
1080 231 3 1.874178e+01 1.113640e-05
969 231 4 1.039791e+01 6.192975e-06
1196 231 5 1.101499e+01 6.437936e-06
1079 231 6 9.388874e+00 5.436336e-06
1083 232 0 1.115861e+01 6.558816e-06
1200 232 1 2.000343e+01 1.276893e-05
1322 232 2 1.659036e+01 1.130273e-05
1199 232 3 1.013151e+01 6.503790e-06
1082 232 4 1.635944e+01 9.749032e-06
1321 232 5 1.667375e+01 1.106809e-05
1198 232 6 9.845472e+00 5.906465e-06
1325 233 0 1.863111e+01 1.190465e-05
1454 233 1 9.971578e+00 6.003057e-06
1453 233 2 1.668590e+01 9.847385e-06
1324 233 3 1.612813e+01 9.895557e-06
1201 233 4 1.884400e+01 1.135444e-05
1452 233 5 1.700604e+01 1.062870e-05
1323 233 6 1.744920e+01 1.198375e-05
1654 234 0 1.876472e+01 1.209672e-05
1655 234 1 1.886923e+01 1.149715e-05
1745 234 2 9.032025e+00 5.489526e-06
1744 234 3 1.007471e+01 6.063500e-06
1743 234 4 9.899867e+00 6.329020e-06
1809 234 5 9.884848e+00 5.950335e-06
1808 234 6 9.304480e+00 5.591559e-06
1421 235 0 1.960282e+01 1.198493e-05
1422 235 1 1.638627e+01 1.043953e-05
1549 235 2 1.939392e+01 1.260677e-05
1548 235 3 1.809913e+01 1.123923e-05
1547 235 4 1.779655e+01 1.076636e-05
1657 235 5 1.478101e+01 9.028668e-06
1656 235 6 1.770790e+01 1.089017e-05
1174 236 0 1.004595e+01 6.121827e-06
1175 236 1 9.992265e+00 6.163289e-06
1297 236 2 9.309191e+00 6.073980e-06
1296 236 3 1.658324e+01 1.092108e-05
1295 236 4 1.867156e+01 1.242221e-05
1424 236 5 1.725905e+01 1.153760e-05
1423 236 6 1.079935e+01 8.225383e-06
951 237 0 9.857707e+00 5.921807e-06
952 237 1 1.029068e+01 6.402940e-06
1062 237 2 1.734653e+01 1.029778e-05
1061 237 3 1.703268e+01 1.028135e-05
1060 237 4 1.806290e+01 1.125936e-05
1177 237 5 1.607241e+01 9.548095e-06
1176 237 6 1.000670e+01 5.908692e-06
752 238 0 8.846782e+00 5.352143e-06
753 238 1 9.608385e+00 5.698942e-06
851 238 2 9.570886e+00 5.551831e-06
850 238 3 1.881396e+01 1.136792e-05
849 238 4 1.705194e+01 1.043791e-05
954 238 5 9.684576e+00 5.623736e-06
953 238 6 1.007225e+01 6.080138e-06
755 239 0 1.811294e+01 1.062865e-05
854 239 1 1.789200e+01 1.032749e-05
958 239 2 1.805658e+01 1.045679e-05
853 239 3 1.878506e+01 1.092989e-05
754 239 4 1.715486e+01 1.029166e-05
957 239 5 1.668818e+01 9.850723e-06
852 239 6 1.829683e+01 1.073247e-05
856 240 0 1.981418e+01 1.183458e-05
961 240 1 9.725852e+00 5.630121e-06
1071 240 2 9.518954e+00 5.646250e-06
960 240 3 1.953878e+01 1.135922e-05
855 240 4 1.011261e+01 5.816088e-06
1070 240 5 1.007143e+01 5.755558e-06
959 240 6 9.911543e+00 5.742329e-06
963 241 0 1.684668e+01 9.784002e-06
1074 241 1 1.778021e+01 1.103045e-05
1190 241 2 1.834149e+01 1.112550e-05
1073 241 3 1.907879e+01 1.167220e-05
962 241 4 1.082365e+01 6.344917e-06
1189 241 5 9.743419e+00 5.746327e-06
1072 241 6 9.790968e+00 6.306579e-06
1076 242 0 1.053616e+01 6.978825e-06
1193 242 1 9.296917e+00 5.707627e-06
1315 242 2 1.834214e+01 1.087981e-05
1192 242 3 1.837731e+01 1.150974e-05
1075 242 4 1.668712e+01 1.059081e-05
1314 242 5 1.770093e+01 1.044704e-05
1191 242 6 1.917684e+01 1.170534e-05
1195 243 0 9.437959e+00 5.510929e-06
1318 243 1 1.022400e+01 6.189386e-06
1446 243 2 1.822902e+01 1.105289e-05
1317 243 3 1.801481e+01 1.078507e-05
1194 243 4 1.599010e+01 9.600174e-06
1445 243 5 1.045680e+01 6.112867e-06
1316 243 6 1.172920e+01 6.883215e-06
1320 244 0 1.884114e+01 1.149691e-05
1449 244 1 1.787613e+01 1.205413e-05
1572 244 2 1.732883e+01 1.163754e-05
1448 244 3 1.571719e+01 9.771081e-06
1319 244 4 1.704228e+01 1.052678e-05
1571 244 5 1.000074e+01 6.457363e-06
1447 244 6 1.055594e+01 6.738944e-06
1451 245 0 1.785534e+01 1.176681e-05
1575 245 1 1.676128e+01 1.023859e-05
1680 245 2 1.649513e+01 1.003367e-05
1574 245 3 1.034081e+01 6.293745e-06
1450 245 4 1.808566e+01 1.166236e-05
1679 245 5 1.744574e+01 1.050868e-05
1573 245 6 9.788680e+00 6.391576e-06
1746 246 0 1.052962e+01 6.480128e-06
1747 246 1 1.674203e+01 1.021410e-05
1812 246 2 1.656562e+01 1.006785e-05
1811 246 3 8.932270e+00 5.478199e-06
1810 246 4 1.619731e+01 9.911739e-06
1846 246 5 1.340088e+01 8.158032e-06
1845 246 6 1.387600e+01 8.341720e-06
1550 247 0 9.830779e+00 6.428380e-06
1551 247 1 1.693144e+01 1.067717e-05
1660 247 2 1.888442e+01 1.126714e-05
1659 247 3 1.697185e+01 1.021625e-05
1658 247 4 1.824388e+01 1.120979e-05
1749 247 5 1.583916e+01 9.365328e-06
1748 247 6 9.677739e+00 5.845815e-06
1298 248 0 1.860683e+01 1.104436e-05
1299 248 1 1.690861e+01 9.972624e-06
1427 248 2 1.635000e+01 9.861772e-06
1426 248 3 1.884127e+01 1.145611e-05
1425 248 4 1.668725e+01 1.042850e-05
1553 248 5 9.664614e+00 5.674596e-06
1552 248 6 1.806743e+01 1.095373e-05
1063 249 0 1.718042e+01 9.948590e-06
1064 249 1 1.698244e+01 9.946558e-06
1180 249 2 1.661198e+01 9.711394e-06
1179 249 3 1.604198e+01 9.364381e-06
1178 249 4 1.654339e+01 9.674275e-06
1301 249 5 1.597485e+01 9.380931e-06
1300 249 6 1.827820e+01 1.073453e-05
956 250 0 1.714091e+01 9.959104e-06
1067 250 1 1.021533e+01 6.358933e-06
1183 250 2 1.698423e+01 1.232636e-05
1066 250 3 1.741717e+01 1.131938e-05
955 250 4 9.606491e+00 5.624215e-06
1182 250 5 1.638556e+01 1.038506e-05
1065 250 6 1.686916e+01 1.007685e-05
1069 251 0 9.150867e+00 5.205950e-06
1186 251 1 1.651392e+01 9.453730e-06
1308 251 2 9.752240e+00 6.082820e-06
1185 251 3 1.661640e+01 1.006276e-05
1068 251 4 1.782545e+01 1.046815e-05
1307 251 5 8.484241e+00 5.328688e-06
1184 251 6 9.783868e+00 5.923800e-06
1188 252 0 9.414916e+00 5.659981e-06
1311 252 1 1.721165e+01 1.026732e-05
1439 252 2 1.002671e+01 6.066835e-06
1310 252 3 4.460453e+00 2.825192e-06
1187 252 4 9.524955e+00 5.534116e-06
1438 252 5 9.751626e+00 5.990775e-06
1309 252 6 1.765843e+01 1.058314e-05
1313 253 0 1.800770e+01 1.044942e-05
1442 253 1 1.758655e+01 1.020909e-05
1565 253 2 1.544664e+01 8.872624e-06
1441 253 3 1.703036e+01 9.944422e-06
1312 253 4 1.039044e+01 5.826800e-06
1564 253 5 9.895502e+00 5.473080e-06
1440 253 6 9.821818e+00 5.604430e-06
1444 254 0 9.656172e+00 5.532602e-06
1568 254 1 1.793285e+01 1.032642e-05
1673 254 2 1.036093e+01 6.027633e-06
1567 254 3 9.069394e+00 5.028393e-06
1443 254 4 1.551121e+01 8.875420e-06
1672 254 5 1.763680e+01 1.003397e-05
1566 254 6 1.798174e+01 1.024255e-05
1570 255 0 9.785678e+00 6.704570e-06
1676 255 1 9.892361e+00 6.640685e-06
1761 255 2 1.719698e+01 1.057164e-05
1675 255 3 1.618387e+01 1.032794e-05
1569 255 4 1.815803e+01 1.079016e-05
1760 255 5 1.651992e+01 1.012670e-05
1674 255 6 1.867793e+01 1.107526e-05
1678 256 0 1.791022e+01 1.109791e-05
1764 256 1 1.538092e+01 9.220475e-06
1821 256 2 1.450694e+01 8.915121e-06
1763 256 3 1.754649e+01 1.093384e-05
1677 256 4 1.823829e+01 1.209623e-05
1820 256 5 1.510931e+01 9.574928e-06
1762 256 6 9.090895e+00 5.625715e-06
1661 257 0 1.982741e+01 1.163903e-05
1662 257 1 1.807994e+01 1.054169e-05
1752 257 2 1.598096e+01 9.490966e-06
1751 257 3 9.139588e+00 5.380610e-06
1750 257 4 9.675285e+00 5.683235e-06
1814 257 5 7.189055e+00 4.140976e-06
1813 257 6 4.726791e+00 2.671638e-06
1428 258 0 2.035321e+01 1.211855e-05
1429 258 1 1.718200e+01 9.978762e-06
1556 258 2 1.723919e+01 1.005505e-05
1555 258 3 1.847647e+01 1.075727e-05
1554 258 4 9.426651e+00 5.513323e-06
1664 258 5 1.607617e+01 9.338271e-06
1663 258 6 9.208175e+00 5.330396e-06
1181 259 0 9.985630e+00 5.847964e-06
1304 259 1 9.462110e+00 5.836346e-06
1432 259 2 1.815696e+01 1.110615e-05
1303 259 3 1.682981e+01 1.001465e-05
1302 259 4 9.677059e+00 5.603050e-06
1431 259 5 8.948263e+00 5.246715e-06
1430 259 6 9.706373e+00 5.683282e-06
1306 260 0 1.020853e+01 6.408943e-06
1435 260 1 1.120728e+01 6.855083e-06
1558 260 2 1.769047e+01 1.101852e-05
1434 260 3 1.649403e+01 1.041918e-05
1305 260 4 9.695793e+00 6.104939e-06
1557 260 5 1.751631e+01 1.091465e-05
1433 260 6 1.818660e+01 1.161409e-05
1437 261 0 1.099727e+01 6.520391e-06
1561 261 1 1.785787e+01 1.043835e-05
1666 261 2 1.636938e+01 9.359171e-06
1560 261 3 1.870968e+01 1.086103e-05
1436 261 4 1.739833e+01 1.042105e-05
1665 261 5 1.633784e+01 9.453988e-06
1559 261 6 1.005779e+01 5.912673e-06
1563 262 0 1.787601e+01 1.004136e-05
1669 262 1 1.698012e+01 9.623401e-06
1754 262 2 1.857836e+01 1.086723e-05
1668 262 3 1.830888e+01 1.050383e-05
1562 262 4 1.747921e+01 1.018641e-05
1753 262 5 1.621953e+01 9.269360e-06
1667 262 6 1.662672e+01 9.588328e-06
1671 263 0 1.761563e+01 1.016402e-05
1757 263 1 1.821749e+01 1.044579e-05
1816 263 2 1.734090e+01 1.001855e-05
1756 263 3 4.847966e+00 2.819242e-06
1670 263 4 9.838541e+00 5.673492e-06
1815 263 5 1.076181e+01 6.302109e-06
1755 263 6 1.822063e+01 1.113648e-05
1759 264 0 9.024649e+00 5.252910e-06
1819 264 1 8.933247e+00 5.408099e-06
1848 264 2 8.574150e+00 5.686145e-06
1818 264 3 1.588105e+01 9.287953e-06
1758 264 4 1.823839e+01 1.058826e-05
1847 264 5 1.469655e+01 8.987280e-06
1817 264 6 1.625263e+01 9.533151e-06
